[[[  0   0   0]
  [  0   2   3]
  [  1   3   4]
  [  1   3   4]
  [  1   3   4]
  [  1   3   4]
  [  1   3   4]
  [  1   3   4]
  [  1   3   4]
  [  1   3   4]
  [  1   3   4]
  [  1   3   4]
  [  1   3   4]
  [  1   3   5]
  [  1   4   5]
  [  1   4   5]
  [  1   4   5]
  [  1   3   4]
  [  0   2   3]
  [  1   6   6]]

 [[  2   9  11]
  [ 14  51  63]
  [ 18  66  84]
  [ 19  69  88]
  [ 17  66  85]
  [ 19  63  84]
  [ 19  62  81]
  [ 20  60  81]
  [ 21  62  81]
  [ 21  63  82]
  [ 23  66  85]
  [ 24  69  88]
  [ 24  73  92]
  [ 24  77  96]
  [ 24  81  99]
  [ 24  85 103]
  [ 23  84 100]
  [ 15  54  71]
  [  8  36  51]
  [ 18  77  90]]

 [[  7  24  26]
  [ 35 107 126]
  [ 51 152 178]
  [ 67 188 215]
  [ 69 183 212]
  [ 72 177 206]
  [ 76 171 201]
  [ 77 166 197]
  [ 82 168 197]
  [ 84 173 200]
  [ 86 178 205]
  [ 87 183 210]
  [ 85 190 215]
  [ 81 194 220]
  [ 78 198 223]
  [ 72 199 226]
  [ 65 189 216]
  [ 38 121 151]
  [ 13  50  82]
  [ 23  90 119]]

 [[  4  14  18]
  [ 21  67  90]
  [ 63 146 174]
  [114 225 247]
  [137 237 252]
  [153 238 248]
  [167 239 246]
  [175 238 243]
  [183 239 244]
  [187 241 244]
  [189 243 244]
  [184 242 247]
  [174 238 248]
  [161 234 246]
  [148 233 247]
  [129 227 246]
  [ 97 197 221]
  [ 49 110 140]
  [ 10  39  71]
  [ 13  52  86]]

 [[  1   8  16]
  [  7  29  58]
  [ 24  71 107]
  [ 79 140 173]
  [156 184 200]
  [218 211 214]
  [250 229 221]
  [251 251 232]
  [251 255 242]
  [252 255 243]
  [252 254 235]
  [252 244 229]
  [252 227 221]
  [237 207 210]
  [211 189 201]
  [164 170 189]
  [100 130 160]
  [ 45  73 105]
  [  7  31  64]
  [  6  35  70]]

 [[  3  26  53]
  [  5  28  60]
  [  6  40  77]
  [ 19  66 105]
  [ 57  91 125]
  [142 120 146]
  [230 158 161]
  [255 217 181]
  [255 253 196]
  [255 255 204]
  [255 254 197]
  [252 232 187]
  [233 189 179]
  [176 149 165]
  [150 131 154]
  [ 83 102 136]
  [ 46  85 122]
  [ 61  90 120]
  [ 32  53  82]
  [  6  29  60]]

 [[  5  33  67]
  [  5  29  63]
  [  6  39  76]
  [ 10  61 100]
  [ 20  83 124]
  [ 57 103 142]
  [113 125 151]
  [217 177 159]
  [249 235 165]
  [254 253 170]
  [247 248 167]
  [178 190 159]
  [ 86 132 154]
  [ 44 107 146]
  [ 37 102 143]
  [ 22  91 136]
  [ 65 124 160]
  [201 220 229]
  [121 129 139]
  [  8  13  21]]

 [[  5  28  62]
  [  5  31  66]
  [  6  43  79]
  [  9  57  93]
  [ 14  79 119]
  [ 17  93 136]
  [ 27 106 147]
  [ 72 133 156]
  [146 180 168]
  [201 220 183]
  [155 188 174]
  [ 68 137 161]
  [ 27 108 148]
  [ 16  94 137]
  [ 14  84 123]
  [ 11  69 104]
  [ 25  76 110]
  [ 63  98 126]
  [ 34  49  65]
  [  0   0   0]]

 [[  5  28  61]
  [  5  35  69]
  [  6  47  83]
  [  7  54  92]
  [  9  60 100]
  [  9  69 115]
  [ 10  81 129]
  [ 12  90 139]
  [ 32 119 161]
  [ 61 154 184]
  [ 48 123 159]
  [ 20  90 137]
  [  8  76 123]
  [  8  72 116]
  [  8  66 107]
  [  7  57  92]
  [  7  50  83]
  [ 12  46  81]
  [ 37  50  69]
  [ 41  42  43]]

 [[  5  24  57]
  [  5  29  63]
  [  5  37  73]
  [  5  46  86]
  [  6  55 101]
  [  7  66 114]
  [  9  76 128]
  [  9  83 139]
  [  9  84 139]
  [ 10  86 140]
  [  8  79 132]
  [  8  73 125]
  [  7  62 111]
  [  5  51  95]
  [  5  45  85]
  [  5  36  71]
  [  4  30  64]
  [ 43  63  92]
  [202 208 218]
  [238 239 239]]]
[[0 0 0]
 [0 2 3]
 [1 3 4]
 [1 3 4]
 [1 3 4]
 [1 3 4]
 [1 3 4]
 [1 3 4]
 [1 3 4]
 [1 3 4]
 [1 3 4]
 [1 3 4]
 [1 3 4]
 [1 3 5]
 [1 4 5]
 [1 4 5]
 [1 4 5]
 [1 3 4]
 [0 2 3]
 [1 6 6]]
[18 66 84]
It took 0.03124380111694336 seconds.

Image first row modified:
[(2, 9, 11), (14, 51, 63), (18, 66, 84), (19, 69, 88), (17, 66, 85), (19, 63, 84), (19, 62, 81), (20, 60, 81), (21, 62, 81), (21, 63, 82), (23, 66, 85), (24, 69, 88), (24, 73, 92), (24, 77, 96), (24, 81, 99), (24, 85, 103), (23, 84, 100), (15, 54, 71), (8, 36, 51), (18, 77, 90)]
Print Left column modified:
[(0, 2, 3), (2, 9, 11), (7, 24, 26), (4, 14, 18), (1, 8, 16), (3, 26, 53), (5, 33, 67), (5, 28, 62), (5, 28, 61), (5, 24, 57)]
Print right column modified:
[(0, 2, 3), (18, 77, 90), (23, 90, 119), (13, 52, 86), (6, 35, 70), (6, 29, 60), (8, 13, 21), (0, 2, 3), (41, 42, 43), (238, 239, 239)]
It took 0.03124380111694336 seconds.
